date,total,android,ios,credit_cnt_total,credit_cnt_android,credit_cnt_ios,has_amount_rate,has_amount_rate_android,has_amount_rate_ios
2017-02-20,12984,8575,4409,5369,3603,1766,0.46582231328,0.372744934777,0.655719139298
2017-02-19,11413,7386,4027,4970,3340,1630,0.496981891348,0.405089820359,0.68527607362
2017-02-18,11835,7452,4383,4987,3419,1568,0.486063765791,0.395437262357,0.683673469388
2017-02-17,12382,7936,4446,5585,3859,1726,0.479856759176,0.389738274164,0.68134414832
2017-02-16,12813,7847,4966,5587,3733,1854,0.4902452121,0.398071256362,0.675836030205
2017-02-15,11799,7229,4570,5186,3513,1673,0.478403393752,0.384286934244,0.676031081889
2017-02-14,11057,6944,4113,5015,3380,1635,0.504486540379,0.40325443787,0.71376146789
2017-02-13,11870,7317,4553,5155,3344,1811,0.519301648885,0.412380382775,0.716731087797
2017-02-12,9698,6083,3615,3909,2676,1233,0.495267331798,0.414050822123,0.671532846715
2017-02-11,9365,5880,3485,3758,2485,1273,0.517828632251,0.422132796781,0.704634721131
2017-02-10,10352,7203,3149,4654,3157,1497,0.496562097121,0.395628761482,0.709418837675
2017-02-09,12468,7359,5109,4983,3225,1758,0.513546056592,0.422945736434,0.679749715586
2017-02-08,11490,7081,4409,4608,3070,1538,0.483072916667,0.41335504886,0.622236671001
2017-02-07,11353,6691,4662,4318,2883,1435,0.476146364057,0.409642733264,0.609756097561
2017-02-06,11729,6269,5460,4207,2761,1446,0.478250534823,0.39478449837,0.637621023513
2017-02-05,9036,5298,3738,3543,2274,1269,0.481230595541,0.412928759894,0.603624901497
2017-02-04,7286,5188,2098,3425,2212,1213,0.483211678832,0.419077757685,0.600164880462
2017-02-03,6248,4609,1639,2871,1992,879,0.456983629397,0.39156626506,0.605233219568
2017-02-02,5085,3826,1259,2338,1634,704,0.443969204448,0.384332925337,0.582386363636
2017-02-01,4636,3575,1061,2105,1534,571,0.448456057007,0.38591916558,0.61646234676
2017-01-31,4041,3087,954,1838,1309,529,0.455930359086,0.404125286478,0.584120982987
2017-01-30,3645,2802,843,1603,1163,440,0.459139114161,0.409286328461,0.590909090909
2017-01-29,3319,2630,689,1417,1048,369,0.467184191955,0.422709923664,0.593495934959
2017-01-28,3096,2393,703,1277,925,352,0.460454189507,0.40972972973,0.59375
2017-01-27,4081,3089,992,1786,1225,561,0.456886898096,0.398367346939,0.584670231729
2017-01-26,7349,4885,2464,3267,2174,1093,0.46250382614,0.40018399264,0.586459286368
2017-01-25,8988,6183,2805,4238,2945,1293,0.45422369042,0.397283531409,0.583913379737
2017-01-24,10706,7562,3144,5073,3669,1404,0.436231027006,0.380212591987,0.582621082621
2017-01-23,11907,8157,3750,5671,4044,1627,0.44366073003,0.384520276954,0.59065765212
2017-01-22,11507,8257,3250,5495,4068,1427,0.421656050955,0.373156342183,0.559915907498
2017-01-21,12030,8901,3129,5794,4411,1383,0.405246807042,0.367717070959,0.524945770065
2017-01-20,14223,9989,4234,6910,5031,1879,0.412156295224,0.374279467303,0.51357104843
2017-01-19,15435,11018,4417,7449,5455,1994,0.417639951671,0.37690192484,0.529087261785
2017-01-18,15635,10717,4918,7448,5432,2016,0.434881847476,0.393961708395,0.545138888889
2017-01-17,15254,10351,4903,7129,5213,1916,0.416888764203,0.375599462881,0.529227557411
2017-01-16,15810,10130,5680,7355,5243,2112,0.422025832767,0.382986839596,0.518939393939
2017-01-15,14032,8933,5099,6235,4418,1817,0.42101042502,0.381846989588,0.51623555311
2017-01-14,13777,9064,4713,6390,4576,1814,0.428325508607,0.388986013986,0.52756339581
2017-01-13,15188,10118,5070,7221,5215,2006,0.420440382219,0.378906999041,0.528414755733
2017-01-12,16259,10518,5741,7279,5288,1991,0.431240555021,0.395423600605,0.526368658965
2017-01-11,16476,10747,5729,7465,5413,2052,0.420897521768,0.39534454092,0.488304093567
2017-01-10,17044,10664,6380,7579,5419,2160,0.437392795883,0.403395460417,0.522685185185
2017-01-09,17822,11416,6406,8363,5928,2435,0.423532225278,0.394062078273,0.495277207392
2017-01-08,7580,4699,2881,3477,2477,1000,0.447224618924,0.409769882923,0.54
2017-01-07,13956,8717,5239,6034,4237,1797,0.443818362612,0.408071748879,0.528102392877
2017-01-06,15916,9568,6348,7163,4834,2329,0.444785704314,0.399875879189,0.537999141262
2017-01-05,14432,9145,5287,6575,4656,1919,0.441520912548,0.408719931271,0.521104742053
2017-01-04,17230,9910,7320,7192,5071,2121,0.432424916574,0.396174324591,0.51909476662
2017-01-03,16070,8650,7420,6309,4442,1867,0.441908384847,0.401170643854,0.538832351366
2017-01-02,11378,7607,3771,5233,3734,1499,0.435123256258,0.400107123728,0.522348232155
2017-01-01,9018,6398,2620,4209,3051,1158,0.43929674507,0.408062930187,0.521588946459
2016-12-31,14840,7168,7672,5236,3624,1612,0.433537051184,0.386865342163,0.538461538462
2016-12-30,16425,8361,8064,6472,4453,2019,0.436650185414,0.393218055244,0.532441802873
2016-12-29,16572,8423,8149,6454,4469,1985,0.437867988844,0.400537032893,0.521914357683
2016-12-28,16626,8538,8088,6192,4344,1848,0.424903100775,0.393416206262,0.498917748918
2016-12-27,16349,8345,8004,6487,4437,2050,0.428857715431,0.385395537525,0.522926829268
2016-12-26,17497,8565,8932,6692,4562,2130,0.446204423192,0.403331871986,0.538028169014
2016-12-25,13526,6426,7100,4776,3225,1551,0.441792294807,0.401550387597,0.525467440361
2016-12-24,14229,6856,7373,5048,3535,1513,0.429477020602,0.387270155587,0.52808988764
2016-12-23,15569,7967,7602,6036,4148,1888,0.422630881378,0.390308582449,0.493644067797
2016-12-22,15866,8096,7770,6075,4122,1953,0.428148148148,0.389131489568,0.510496671787
2016-12-21,15847,7870,7977,6121,4157,1964,0.443228230681,0.399807553524,0.535132382892
2016-12-20,18110,8635,9475,6785,4573,2212,0.421223286662,0.376776732998,0.513110307414
2016-12-19,16694,8376,8318,6546,4580,1966,0.41445157348,0.373362445415,0.51017293998
2016-12-18,14407,6680,7727,4958,3348,1610,0.431827349738,0.394563918757,0.509316770186
2016-12-17,14563,6811,7752,5108,3590,1518,0.426781519186,0.389415041783,0.515151515152
2016-12-16,15793,7532,8261,5740,3973,1767,0.420383275261,0.380820538636,0.509337860781
2016-12-15,16851,7892,8959,6136,4153,1983,0.419491525424,0.387189983145,0.487140695915
2016-12-14,16584,7848,8736,6117,4214,1903,0.431093673369,0.398671096346,0.50289017341
2016-12-13,15295,7912,7383,6144,4228,1916,0.43408203125,0.400662251656,0.507828810021
2016-12-12,14564,7980,6584,6156,4371,1785,0.422027290448,0.386181651796,0.509803921569
2016-12-11,12237,5686,6551,4276,2802,1474,0.426800748363,0.392219842969,0.492537313433
2016-12-10,12270,6245,6025,4855,3230,1625,0.438311019567,0.395975232198,0.522461538462
2016-12-09,15307,7594,7713,6220,4032,2188,0.436173633441,0.38814484127,0.524680073126
2016-12-08,16542,7619,8923,6330,4138,2192,0.445655608215,0.401643305945,0.528740875912
2016-12-07,16686,8056,8630,6325,4252,2073,0.4404743083,0.392050799624,0.53979739508
2016-12-06,16929,7859,9070,6222,4209,2013,0.436676309868,0.39914468995,0.515151515152
2016-12-05,16679,8056,8623,6280,4322,1958,0.422611464968,0.380148079593,0.516343207354
2016-12-04,14953,6695,8258,5172,3454,1718,0.45475638051,0.417486971627,0.529685681024
2016-12-03,14501,6692,7809,5015,3462,1553,0.435493519442,0.396302715194,0.522858982614
2016-12-02,15710,7756,7954,5863,3965,1898,0.425891181989,0.383102143758,0.515279241307
2016-12-01,16435,8152,8283,6318,4201,2117,0.451725229503,0.411330635563,0.53188474256
2016-11-30,17606,8120,9486,6478,4328,2150,0.443037974684,0.397874306839,0.533953488372
2016-11-29,17191,8040,9151,6324,4307,2017,0.422991777356,0.381239842117,0.512146752603
2016-11-28,16190,7675,8515,6135,4254,1881,0.437978810106,0.399388810531,0.525252525253
2016-11-27,15355,6702,8653,4855,3475,1380,0.432749742533,0.397122302158,0.522463768116
2016-11-26,14409,6802,7607,5240,3571,1669,0.424809160305,0.383646037525,0.512881965249
2016-11-25,15075,7590,7485,5853,4136,1717,0.428669058602,0.393375241779,0.513686662784
2016-11-24,14482,7281,7201,5517,3841,1676,0.430487583832,0.395730278573,0.510143198091
2016-11-23,15060,7539,7521,5500,3963,1537,0.422909090909,0.388089830936,0.5126870527
2016-11-22,16488,7861,8627,5913,4167,1746,0.436495856587,0.397168226542,0.530355097365
2016-11-21,15863,7019,8844,5670,3840,1830,0.430687830688,0.387239583333,0.521857923497
2016-11-20,14836,6402,8434,5249,3379,1870,0.477805296247,0.429416987274,0.565240641711
2016-11-19,14777,6768,8009,5066,3470,1596,0.436241610738,0.401729106628,0.511278195489
2016-11-18,15414,7116,8298,5611,3766,1845,0.448048476207,0.411046202868,0.523577235772
2016-11-17,14313,7230,7083,5527,3807,1720,0.448706350642,0.414236931967,0.525
2016-11-16,14766,7018,7748,5776,3888,1888,0.45256232687,0.410751028807,0.538665254237
2016-11-15,15150,7056,8094,5747,3757,1990,0.473638420045,0.426670215598,0.562311557789
2016-11-14,14447,7094,7353,5288,3580,1708,0.463313161876,0.428770949721,0.535714285714
2016-11-13,12219,6189,6030,4405,3028,1377,0.465607264472,0.422391017173,0.560639070443
2016-11-12,12204,6490,5714,4905,3406,1499,0.462996941896,0.430710510863,0.536357571714
2016-11-11,14044,6501,7543,5547,3576,1971,0.435190192897,0.381711409396,0.532217148656
2016-11-10,14109,6812,7297,5984,3835,2149,0.427306149733,0.378096479791,0.515123313169
2016-11-09,15178,6703,8475,5765,3739,2026,0.470598438855,0.419096014977,0.565646594274
2016-11-08,15345,6845,8500,5865,3814,2051,0.484228473998,0.43864708967,0.568990736226
2016-11-07,15388,6921,8467,5795,3754,2041,0.467126833477,0.416622269579,0.560019598236
2016-11-06,13715,5873,7842,4887,2939,1948,0.478821362799,0.410683906091,0.581622176591
2016-11-05,12039,5975,6064,4828,3121,1707,0.475766362883,0.425184235822,0.568248388987
2016-11-04,16082,6623,9459,5684,3464,2220,0.481351161154,0.428695150115,0.563513513514
2016-11-03,16895,7250,9645,5954,3820,2134,0.491266375546,0.438219895288,0.586223055295
2016-11-02,10283,7237,3046,5679,3776,1903,0.520338087691,0.475105932203,0.610089332633
2016-11-01,14992,6836,8156,5708,3631,2077,0.510511562719,0.472597080694,0.576793452094
2016-10-31,13661,6699,6962,5525,3526,1999,0.520542986425,0.476460578559,0.598299149575
2016-10-30,12229,5534,6695,4443,2779,1664,0.507765023633,0.467794170565,0.574519230769
2016-10-29,11260,5646,5614,4300,2830,1470,0.499534883721,0.458657243816,0.578231292517
2016-10-28,13544,6676,6868,5369,3425,1944,0.514248463401,0.472700729927,0.587448559671
2016-10-27,13838,6881,6957,5284,3504,1780,0.503217259652,0.460616438356,0.587078651685
2016-10-26,12595,6715,5880,4828,3453,1375,0.484672742336,0.451201853461,0.568727272727
2016-10-25,14262,6968,7294,5534,3788,1746,0.501807011203,0.472280887012,0.565864833906
2016-10-24,14512,6827,7685,5595,3747,1848,0.502770330652,0.474246063517,0.560606060606
2016-10-23,12787,5728,7059,4506,2939,1567,0.515090989791,0.468186457979,0.603063178047
2016-10-22,11548,6455,5093,4821,3201,1620,0.500725990458,0.457357075914,0.586419753086
2016-10-21,14111,7182,6929,5706,3654,2052,0.515948124781,0.468801313629,0.599902534113
2016-10-20,16840,7055,9785,6278,3835,2443,0.511787193374,0.461538461538,0.590667212444
2016-10-19,14265,6887,7378,5979,3783,2196,0.525338685399,0.480570975416,0.602459016393
2016-10-18,17454,7225,10229,6501,3988,2513,0.519612367328,0.463139418255,0.609231993633
2016-10-17,19053,6787,12266,6444,3836,2608,0.529639975171,0.478623566215,0.60467791411
2016-10-16,14413,5350,9063,5044,2901,2143,0.536677240285,0.480523957256,0.612692487168
2016-10-15,12027,5141,6886,4698,2885,1813,0.521924223074,0.465511265165,0.611693325979
2016-10-14,18009,6368,11641,5750,3595,2155,0.505391304348,0.462865090403,0.576334106729
2016-10-13,16314,5923,10391,5541,3419,2122,0.517415628948,0.47499268792,0.585768143261
2016-10-12,14292,6017,8275,5722,3507,2215,0.521495980426,0.468491588252,0.605417607223
2016-10-11,14268,6041,8227,5589,3492,2097,0.510645911612,0.463917525773,0.58845970434
2016-10-10,12876,6207,6669,5494,3525,1969,0.514197306152,0.467234042553,0.598273235145
2016-10-09,12369,5727,6642,5232,3266,1966,0.523318042813,0.470912431108,0.610376398779
2016-10-08,13112,5756,7356,5389,3372,2017,0.517906847281,0.467971530249,0.601388200297
2016-10-07,9364,4770,4594,4169,2707,1462,0.526984888462,0.489841152567,0.595759233926
2016-10-06,8770,4464,4306,4099,2597,1502,0.527201756526,0.477474008471,0.613182423435
2016-10-05,8970,4501,4469,3974,2516,1458,0.512833417212,0.472575516693,0.582304526749
2016-10-04,10594,4423,6171,3966,2443,1523,0.516389309128,0.460090053213,0.606697307945
2016-10-03,10437,4170,6267,3840,2296,1544,0.537239583333,0.4856271777,0.613989637306
2016-10-02,8098,3988,4110,3559,2219,1340,0.508007867378,0.462821090581,0.582835820896
2016-10-01,10065,4293,5772,3993,2421,1572,0.540946656649,0.482445270549,0.631043256997
2016-09-30,13229,6074,7155,5679,3549,2130,0.518401126959,0.470273316427,0.598591549296
2016-09-29,11967,5541,6426,5155,3128,2027,0.525897187197,0.471547314578,0.609768130242
2016-09-28,12626,6219,6407,5807,3591,2216,0.519200964353,0.463102199944,0.610108303249
2016-09-27,14533,6147,8386,6097,3695,2402,0.517959652288,0.458457374831,0.609492089925
2016-09-26,13819,5701,8118,5655,3387,2268,0.51299734748,0.466489518748,0.582451499118
2016-09-25,12685,4695,7990,4470,2647,1823,0.531767337808,0.466565923687,0.626439934174
2016-09-24,14245,4592,9653,4448,2581,1867,0.507868705036,0.45408756296,0.582217461168
2016-09-23,12669,5648,7021,5504,3389,2115,0.517441860465,0.465329005606,0.600945626478
2016-09-22,13740,5879,7861,5720,3490,2230,0.519055944056,0.463896848138,0.605381165919
2016-09-21,15502,6099,9403,6007,3564,2443,0.522557016814,0.464365881033,0.607449856734
2016-09-20,15994,4752,11242,5114,2815,2299,0.53148220571,0.44973357016,0.631578947368
2016-09-19,12908,5249,7659,5373,3152,2221,0.516471245114,0.454314720812,0.604682575416
2016-09-18,11116,4873,6243,4688,2823,1865,0.516638225256,0.453772582359,0.611796246649
2016-09-17,11419,4187,7232,4989,2415,2574,0.517939466827,0.423188405797,0.606837606838
2016-09-16,9984,3907,6077,3601,2185,1416,0.485143015829,0.433409610984,0.564971751412
2016-09-15,9138,3440,5698,2917,1869,1048,0.495714775454,0.449973247726,0.577290076336
2016-09-14,10703,5005,5698,4277,2863,1414,0.507832592939,0.469437652812,0.585572842999
2016-09-13,11765,5402,6363,4833,3158,1675,0.506724601697,0.466751108296,0.582089552239
2016-09-12,12535,5414,7121,5020,3177,1843,0.515737051793,0.469310670444,0.59576776994
2016-09-11,12192,4927,7265,4450,2777,1673,0.515505617978,0.459848757652,0.607890017932
2016-09-10,9048,4686,4362,4123,2669,1454,0.510065486296,0.449231922068,0.621733149931
2016-09-09,12267,5457,6810,4945,3128,1817,0.517087967644,0.467071611253,0.603192074849
2016-09-08,11614,5473,6141,4950,3138,1812,0.508888888889,0.455066921606,0.602097130243
2016-09-07,11602,5710,5892,4982,3264,1718,0.516860698515,0.473345588235,0.599534342258
2016-09-06,15670,5775,9895,5221,3358,1863,0.518291515035,0.473793924955,0.598497047772
2016-09-05,13345,5478,7867,4881,3207,1674,0.521409547224,0.476145930776,0.608124253286
2016-09-04,12417,4678,7739,3911,2619,1292,0.508309895167,0.463535700649,0.59907120743
2016-09-03,10598,4762,5836,4037,2720,1317,0.509289076047,0.469117647059,0.592255125285
2016-09-02,13159,5417,7742,4748,3093,1655,0.49452401011,0.452634982218,0.572809667674
2016-09-01,12312,5917,6395,5177,3346,1831,0.50975468418,0.466527196653,0.588749317313
2016-08-31,11398,5480,5918,4867,3178,1689,0.501746455722,0.461925739459,0.57667258733
2016-08-30,11906,5762,6144,5158,3318,1840,0.498449011245,0.448764315853,0.588043478261
2016-08-29,11754,5565,6189,5003,3303,1700,0.511493104138,0.458068422646,0.615294117647
2016-08-28,9539,4548,4991,4054,2555,1499,0.513566847558,0.466536203523,0.593729152769
2016-08-27,9809,4905,4904,4395,2785,1610,0.508759954494,0.462477558348,0.588819875776
2016-08-26,11882,5661,6221,5036,3244,1792,0.518467037331,0.471948212084,0.602678571429
2016-08-25,13219,5618,7601,5196,3238,1958,0.516551193226,0.458925262508,0.611848825332
2016-08-24,13642,5576,8066,5338,3258,2080,0.515174222555,0.465316144874,0.593269230769
2016-08-23,13320,5601,7719,5060,3183,1877,0.519169960474,0.457115928369,0.624400639318
2016-08-22,12907,5951,6956,5089,3327,1762,0.510512870898,0.457469191464,0.61066969353
2016-08-21,12600,5304,7296,4234,2818,1416,0.519839395371,0.477288857346,0.604519774011
2016-08-20,10465,5608,4857,4467,3107,1360,0.495186926349,0.452204699067,0.593382352941
2016-08-19,12295,5913,6382,4717,3298,1419,0.498198007208,0.455124317768,0.598308668076
2016-08-18,12740,5831,6909,4733,3236,1497,0.486583562223,0.438813349815,0.589846359385
2016-08-17,12400,6161,6239,4858,3483,1375,0.494236311239,0.453344817686,0.597818181818
2016-08-16,12030,5777,6253,4601,3132,1469,0.485111932189,0.442848020434,0.575221238938
2016-08-15,11729,5744,5985,4664,3092,1572,0.503216123499,0.462483829237,0.583333333333
2016-08-14,10458,5005,5453,4037,2565,1472,0.522913054248,0.467056530214,0.620244565217
2016-08-13,9820,5336,4484,4192,2756,1436,0.507872137405,0.456458635704,0.606545961003
2016-08-12,11842,5827,6015,4684,3059,1625,0.511101622545,0.46878064727,0.590769230769
2016-08-11,12128,5855,6273,4773,3076,1697,0.508275717578,0.45156046814,0.6110783736
2016-08-10,12236,5975,6261,4764,3157,1607,0.509026028547,0.45707950586,0.611076540137
2016-08-09,11214,5285,5929,4291,2759,1532,0.510836634817,0.458137006162,0.605744125326
2016-08-08,12591,5884,6707,4932,3145,1787,0.50304136253,0.449284578696,0.597649692222
2016-08-07,10531,5056,5475,3922,2567,1355,0.528046914839,0.483443708609,0.612546125461
2016-08-06,11119,5390,5729,4318,2784,1534,0.506484483557,0.45617816092,0.59778357236
2016-08-05,12334,5775,6559,5015,3117,1898,0.521036889332,0.464870067372,0.613277133825
2016-08-04,12529,5998,6531,5037,3198,1839,0.506650784197,0.446216385241,0.611745513866
2016-08-03,11749,6013,5736,4779,3180,1599,0.499058380414,0.438993710692,0.618511569731
2016-08-02,10538,5869,4669,4568,3036,1532,0.496278458844,0.444005270092,0.599869451697
2016-08-01,12692,5857,6835,4830,3174,1656,0.491718426501,0.444549464398,0.582125603865
2016-07-31,10182,4955,5227,3985,2627,1358,0.483312421581,0.43205177008,0.582474226804
2016-07-30,11001,5261,5740,4110,2738,1372,0.497080291971,0.448867786706,0.593294460641
2016-07-29,11888,5635,6253,4611,3056,1555,0.49642160052,0.449607329843,0.588424437299
2016-07-28,12457,5657,6800,4692,3062,1630,0.519394714408,0.467668190725,0.616564417178
2016-07-27,11811,5722,6089,4780,3171,1609,0.504393305439,0.450015767897,0.61155997514
2016-07-26,11570,5727,5843,4673,3196,1477,0.518082602183,0.47590738423,0.609343263372
2016-07-25,11877,5800,6077,4786,3289,1497,0.507939824488,0.452417148069,0.629926519706
2016-07-24,10231,4971,5260,3977,2655,1322,0.518984158914,0.466666666667,0.624054462935
2016-07-23,9962,5145,4817,4050,2861,1189,0.513086419753,0.472562041244,0.610597140454
2016-07-22,11853,5621,6232,4553,3024,1529,0.518559191742,0.457341269841,0.639633747547
2016-07-21,12147,6009,6138,4800,3251,1549,0.504583333333,0.443248231313,0.633311814074
2016-07-20,12391,5692,6699,4577,3090,1487,0.524797902556,0.480258899676,0.617350369872
2016-07-19,12254,5669,6585,4858,3178,1680,0.531494442157,0.477658904972,0.633333333333
2016-07-18,11421,5445,5976,4509,2988,1521,0.524284763806,0.481593038822,0.608152531229
2016-07-17,9874,4836,5038,3768,2558,1210,0.519904458599,0.478889757623,0.606611570248
2016-07-16,10041,4971,5070,3974,2684,1290,0.517866129844,0.463114754098,0.631782945736
2016-07-15,9333,5061,4272,4285,2822,1463,0.519719953326,0.467399007796,0.620642515379
2016-07-14,11997,5461,6536,4635,2980,1655,0.523624595469,0.477516778523,0.60664652568
2016-07-13,12635,6120,6515,4979,3294,1685,0.517573810002,0.455373406193,0.639169139466
2016-07-12,11975,5671,6304,4643,3021,1622,0.526383803575,0.474677259186,0.622688039457
2016-07-11,11975,5926,6049,4801,3189,1612,0.544053322225,0.495139542176,0.640818858561
2016-07-10,10162,4894,5268,3984,2562,1422,0.525602409639,0.462919594067,0.638537271449
2016-07-09,10331,5058,5273,4079,2704,1375,0.547192939446,0.497041420118,0.645818181818
2016-07-08,10916,5242,5674,4387,2937,1450,0.527011625256,0.482465100443,0.61724137931
2016-07-07,8989,5503,3486,4667,3094,1573,0.538675808871,0.484809308339,0.644628099174
2016-07-06,11809,5775,6034,4770,3128,1642,0.53857442348,0.497442455243,0.616930572473
2016-07-05,11480,5565,5915,4701,3102,1599,0.517549457562,0.466795615732,0.616010006254
2016-07-04,11069,5431,5638,4684,3022,1662,0.522843723313,0.460291197882,0.636582430806
2016-07-03,9488,4787,4701,4073,2697,1376,0.538423766266,0.483500185391,0.646075581395
2016-07-02,9439,4902,4537,4038,2702,1336,0.530708271421,0.481865284974,0.629491017964
2016-07-01,10773,5193,5580,4514,2956,1558,0.532786885246,0.475304465494,0.641848523748
2016-06-30,10711,5255,5456,4526,2900,1626,0.540653999116,0.482068965517,0.645141451415
2016-06-29,10612,5021,5591,4511,2833,1678,0.51895366881,0.461701376633,0.615613825983
2016-06-28,10069,4835,5234,4196,2659,1537,0.484985700667,0.427228281309,0.584905660377
2016-06-27,10039,5010,5029,4262,2743,1519,0.497653683717,0.449507838133,0.584595128374
2016-06-26,8849,4256,4593,3581,2294,1287,0.492041329238,0.447689625109,0.571095571096
2016-06-25,8866,4522,4344,3822,2480,1342,0.497383568812,0.44314516129,0.597615499255
2016-06-24,9369,4320,5049,3927,2428,1499,0.508530685001,0.453047775947,0.598398932622
2016-06-23,10122,4649,5473,4155,2531,1624,0.497954271961,0.448834452785,0.574507389163
2016-06-22,10659,4895,5764,4470,2738,1732,0.478523489933,0.418553688824,0.573325635104
2016-06-21,9889,4792,5097,4082,2542,1540,0.496815286624,0.44807238395,0.577272727273
2016-06-20,9448,4665,4783,4290,2682,1608,0.502331002331,0.443325876212,0.600746268657
2016-06-19,7999,4021,3978,3623,2232,1391,0.495169748827,0.448476702509,0.570093457944
2016-06-18,7797,4102,3695,3579,2319,1260,0.479463537301,0.435532557137,0.560317460317
2016-06-17,8705,4311,4394,3978,2460,1518,0.486425339367,0.432926829268,0.573122529644
2016-06-16,9850,4543,5307,4232,2570,1662,0.506852551985,0.449027237354,0.596269554753
2016-06-15,9433,4463,4970,4152,2484,1668,0.500240847784,0.427938808374,0.607913669065
2016-06-14,9453,4562,4891,4259,2560,1699,0.505987320967,0.4375,0.609181871689
2016-06-13,9337,4499,4838,4251,2589,1662,0.499647141849,0.434530706837,0.601083032491
2016-06-12,8856,4266,4590,3975,2389,1586,0.496603773585,0.430724152365,0.595838587642
2016-06-11,8166,4006,4160,3645,2200,1445,0.502606310014,0.440454545455,0.59723183391
2016-06-10,7799,4029,3770,3628,2259,1369,0.502756339581,0.441345728198,0.604090577064
2016-06-09,7328,3628,3700,3330,2016,1314,0.522522522523,0.465277777778,0.610350076104
2016-06-08,8987,4236,4751,4085,2313,1772,0.508445532436,0.437527021185,0.601015801354
2016-06-07,9824,4643,5181,4359,2504,1855,0.505161734343,0.422923322684,0.616172506739
2016-06-06,10319,5345,4974,4692,2897,1795,0.515771526002,0.4532274767,0.616713091922
2016-06-05,8739,4674,4065,4116,2532,1584,0.528425655977,0.475908372828,0.612373737374
2016-06-04,8847,4713,4134,4236,2615,1621,0.518885741265,0.466921606119,0.602714373843
2016-06-03,9884,5326,4558,4682,2944,1738,0.515378043571,0.459578804348,0.609896432681
2016-06-02,11382,5605,5777,5221,3075,2146,0.52595288259,0.466016260163,0.611835973905
2016-06-01,11033,5466,5567,5061,2977,2084,0.52380952381,0.467920725563,0.603646833013
2016-05-31,10929,5621,5308,5283,3189,2094,0.526784024229,0.466290373158,0.618911174785
2016-05-30,11644,5922,5722,5277,3240,2037,0.460488914156,0.417592592593,0.528718703976
2016-05-29,9442,4812,4630,4170,2576,1594,0.456594724221,0.40450310559,0.540777917189
2016-05-28,9625,4665,4960,4201,2561,1640,0.432516067603,0.390081999219,0.498780487805
2016-05-27,10457,5186,5271,4720,2874,1846,0.531991525424,0.485734168406,0.604008667389
2016-05-26,10648,5460,5188,4955,3049,1906,0.561049445005,0.50803542145,0.645855194124
2016-05-25,10743,5336,5407,5013,2980,2033,0.552164372631,0.480201342282,0.657648794884
2016-05-24,10510,5082,5428,4920,2908,2012,0.567276422764,0.503438789546,0.659542743539
2016-05-23,10990,5182,5808,5026,2939,2087,0.559888579387,0.496427356244,0.649257307139
2016-05-22,10208,4726,5482,4508,2652,1856,0.575643300799,0.506033182504,0.675107758621
2016-05-21,9638,4733,4905,4532,2700,1832,0.567740511915,0.505925925926,0.65884279476
2016-05-20,10387,4998,5389,4952,2865,2087,0.57633279483,0.502617801047,0.677527551509
2016-05-19,10572,4994,5578,5060,2854,2206,0.583596837945,0.5,0.691749773345
2016-05-18,10065,4816,5249,4886,2814,2072,0.581866557511,0.514570007107,0.673262548263
2016-05-17,9672,4800,4872,4525,2761,1764,0.558674033149,0.496197030062,0.656462585034
2016-05-16,9886,4644,5242,4440,2703,1737,0.547072072072,0.476507584166,0.656879677605
2016-05-15,8782,4354,4428,3919,2410,1509,0.556009186017,0.498755186722,0.647448641484
2016-05-14,8404,4474,3930,4129,2512,1617,0.565754419956,0.512738853503,0.648113790971
2016-05-13,10270,4967,5303,4668,2869,1799,0.557412167952,0.49180899268,0.662034463591
2016-05-12,10767,4966,5801,4708,2852,1856,0.561597281223,0.507363253857,0.644935344828
2016-05-11,10504,5109,5395,4827,3013,1814,0.563496996064,0.515101228012,0.64388092613
2016-05-10,10068,5030,5038,4848,2978,1870,0.555074257426,0.488247145735,0.661497326203
2016-05-09,10715,5169,5546,4773,2874,1899,0.567777079405,0.501043841336,0.668773038441
2016-05-08,9820,4699,5121,4124,2505,1619,0.573714839961,0.518163672655,0.659666460778
2016-05-07,9645,4930,4715,4300,2614,1686,0.567209302326,0.507651109411,0.659549228944
2016-05-06,10704,4795,5909,4797,2802,1995,0.56931415468,0.507851534618,0.655639097744
2016-05-05,10925,4807,6118,5323,2820,2503,0.583881269961,0.514893617021,0.661606072713
2016-05-04,11081,4776,6305,4847,2792,2055,0.55683928203,0.492836676218,0.643795620438
2016-05-03,10253,4684,5569,4653,2709,1944,0.568450462067,0.514950166113,0.643004115226
2016-05-02,8851,4146,4705,3816,2326,1490,0.566823899371,0.51203783319,0.652348993289
2016-05-01,8230,4018,4212,3748,2294,1454,0.558964781217,0.520052310375,0.620357634113
2016-04-30,8517,4110,4407,3958,2416,1542,0.549014653866,0.519867549669,0.594682230869
2016-04-29,11033,4602,6431,4691,2793,1898,0.550842037945,0.489795918367,0.640674394099
2016-04-28,11062,4717,6345,4750,2787,1963,0.563368421053,0.510226049516,0.638818135507
2016-04-27,11233,5010,6223,5184,3069,2115,0.550347222222,0.496904529163,0.627895981087
2016-04-26,11356,5068,6288,4921,2886,2035,0.560455192034,0.513167013167,0.627518427518
2016-04-25,11193,5071,6122,5093,2913,2180,0.553701158453,0.497768623412,0.628440366972
2016-04-24,10577,4694,5883,4630,2711,1919,0.564578833693,0.509406123202,0.642522146952
2016-04-23,10469,4755,5714,4576,2728,1848,0.564466783217,0.508431085044,0.647186147186
2016-04-22,11029,5170,5859,4983,2952,2031,0.557094120008,0.489837398374,0.654849827671
2016-04-21,11534,5220,6314,5274,3019,2255,0.5737580584,0.510765154025,0.658093126386
2016-04-20,10894,5049,5845,4835,2869,1966,0.555325749741,0.502265597769,0.632756866734
2016-04-19,10600,4735,5865,4513,2734,1779,0.563483270552,0.502926115582,0.656548622822
2016-04-18,9596,4522,5074,4508,2715,1793,0.548802129547,0.49650092081,0.627997769102
2016-04-17,8489,4116,4373,4108,2387,1721,0.568159688413,0.514453288647,0.642649622313
2016-04-16,8664,4260,4404,4072,2483,1589,0.550589390963,0.493354812727,0.640025173065
2016-04-15,9147,4375,4772,4370,2544,1826,0.556064073227,0.497641509434,0.637458926616
2016-04-14,9448,4191,5257,4266,2437,1829,0.562822315987,0.49692244563,0.650628758885
2016-04-13,9846,4351,5495,4649,2554,2095,0.576037857604,0.505481597494,0.662052505967
2016-04-12,9904,4446,5458,4645,2598,2047,0.576318622174,0.502694380293,0.669760625305
2016-04-11,10796,4451,6345,4843,2574,2269,0.583729093537,0.515151515152,0.661524900837
2016-04-10,9936,4255,5681,4321,2407,1914,0.582272622078,0.512255920233,0.670323928945
2016-04-09,10434,4209,6225,4410,2438,1972,0.577777777778,0.520508613618,0.648580121704
2016-04-08,10076,4528,5548,4551,2591,1960,0.580751483191,0.522964106523,0.657142857143
2016-04-07,10119,4562,5557,4472,2577,1895,0.568649373882,0.502134264649,0.659102902375
2016-04-06,10284,4828,5456,4570,2669,1901,0.584901531729,0.515174222555,0.682798527091
2016-04-05,9806,4604,5202,4312,2511,1801,0.598330241187,0.543608124253,0.674625208218
2016-04-04,9653,4622,5031,4044,2466,1578,0.580613254204,0.53203568532,0.656527249683
2016-04-03,9504,4686,4818,4142,2634,1508,0.572670207629,0.534927866363,0.638594164456
2016-04-02,9772,4683,5089,4305,2572,1733,0.585598141696,0.536936236392,0.65781881131
2016-04-01,9745,4891,4854,4616,2704,1912,0.478986135182,0.43676035503,0.53870292887
2016-03-31,9878,4925,4953,4626,2734,1892,0.558149589278,0.517922457937,0.616279069767
2016-03-30,10284,4994,5290,4650,2686,1964,0.548602150538,0.494415487714,0.622708757637
2016-03-29,9078,4482,4596,4390,2566,1824,0.552619589977,0.496492595479,0.631578947368
2016-03-28,8837,4273,4564,4065,2332,1733,0.553751537515,0.490137221269,0.63935372187
2016-03-27,8885,4449,4436,3937,2409,1528,0.554737109474,0.501867995019,0.638089005236
2016-03-26,8163,4294,3869,3862,2369,1493,0.559554634904,0.509497678345,0.638981915606
2016-03-25,9658,4323,5335,4156,2391,1765,0.561597690087,0.506064408197,0.636827195467
2016-03-24,8696,4423,4273,4224,2513,1711,0.563920454545,0.4990051731,0.659263588545
2016-03-23,7838,4341,3497,4059,2484,1575,0.572554816457,0.492753623188,0.698412698413
2016-03-22,8933,4149,4784,4151,2340,1811,0.585160202361,0.484188034188,0.715626725566
2016-03-21,8991,4232,4759,4290,2368,1922,0.594405594406,0.497466216216,0.71383975026
2016-03-20,9259,4201,5058,3907,2291,1616,0.606603532122,0.534264513313,0.709158415842
2016-03-19,9043,4329,4714,4107,2435,1672,0.606768931093,0.515811088296,0.739234449761
2016-03-18,9282,3962,5320,3944,2177,1767,0.613843813387,0.530087276068,0.717034521788
2016-03-17,8849,3740,5109,3917,2118,1799,0.627265764616,0.530217186025,0.741523068371
2016-03-16,9557,3960,5597,4077,2205,1872,0.597988717194,0.496145124717,0.717948717949
2016-03-15,8999,3964,5035,3994,2237,1757,0.622433650476,0.534197586053,0.734775184974
2016-03-14,8388,4006,4382,3961,2259,1702,0.605402676092,0.505533421868,0.737955346651
2016-03-13,7357,3637,3720,3527,2000,1527,0.597108023816,0.519,0.699410609037
2016-03-12,7198,3467,3731,3490,1868,1622,0.607736389685,0.494111349036,0.73859432799
2016-03-11,7873,3473,4400,3665,2009,1656,0.608458390177,0.51368840219,0.723429951691
2016-03-10,8775,3494,5281,3764,1940,1824,0.604410201913,0.499484536082,0.71600877193
2016-03-09,8377,3580,4797,3762,1983,1779,0.612174375332,0.50378214826,0.732996065205
2016-03-08,7311,3557,3754,3780,1938,1842,0.617724867725,0.521155830753,0.719326818675
2016-03-07,8622,3747,4875,4000,2053,1947,0.63,0.526546517292,0.739085772984
2016-03-06,6191,3202,2989,3088,1783,1305,0.631476683938,0.546831183399,0.747126436782
2016-03-05,5637,3107,2530,2944,1659,1285,0.612432065217,0.521398432791,0.729961089494
2016-03-04,7755,3034,4721,2293,1232,1061,0.586567815089,0.476461038961,0.714420358153
2016-03-03,6368,3234,3134,1656,887,769,0.533212560386,0.454340473506,0.624187256177
2016-03-02,5606,3075,2531,1450,817,633,0.512413793103,0.43329253366,0.614533965245
2016-03-01,6347,3024,3323,1448,765,683,0.50138121547,0.41045751634,0.603221083455
2016-02-29,6760,3100,3660,1470,746,724,0.498639455782,0.412868632708,0.587016574586
2016-02-28,5511,2771,2740,1281,673,608,0.505074160812,0.426448736999,0.592105263158
2016-02-27,5523,2655,2868,1162,622,540,0.486230636833,0.395498392283,0.590740740741
2016-02-26,5528,2684,2844,1250,624,626,0.508,0.399038461538,0.61661341853
2016-02-25,5480,2405,3075,1279,583,696,0.526974198593,0.406518010292,0.627873563218
2016-02-24,5323,2362,2961,1155,549,606,0.470995670996,0.357012750455,0.574257425743
2016-02-23,5712,2078,3634,1085,486,599,0.499539170507,0.37037037037,0.604340567613
2016-02-22,7588,1846,5742,970,423,547,0.548453608247,0.394799054374,0.667276051188
2016-02-21,4336,1799,2537,846,412,434,0.497635933806,0.368932038835,0.619815668203
2016-02-20,4281,1929,2352,826,421,405,0.485472154964,0.399049881235,0.575308641975
2016-02-19,4721,2012,2709,876,433,443,0.474885844749,0.360277136259,0.58690744921
2016-02-18,4411,1943,2468,864,405,459,0.475694444444,0.333333333333,0.601307189542
2016-02-17,4248,1753,2495,782,354,428,0.482097186701,0.327683615819,0.609813084112
2016-02-16,3776,1587,2189,740,355,385,0.47972972973,0.369014084507,0.581818181818
2016-02-15,2838,1484,1354,582,296,286,0.475945017182,0.337837837838,0.618881118881
2016-02-14,2462,1243,1219,519,270,249,0.472061657033,0.392592592593,0.558232931727
2016-02-13,2137,1126,1011,405,210,195,0.432098765432,0.309523809524,0.564102564103
2016-02-12,2092,1204,888,419,236,183,0.470167064439,0.39406779661,0.568306010929
2016-02-11,1884,984,900,349,180,169,0.452722063037,0.372222222222,0.538461538462
2016-02-10,1737,847,890,338,186,152,0.473372781065,0.354838709677,0.618421052632
2016-02-09,817,492,325,196,97,99,0.433673469388,0.288659793814,0.575757575758
2016-02-08,946,584,362,198,112,86,0.505050505051,0.419642857143,0.616279069767
2016-02-07,1668,773,895,304,148,156,0.493421052632,0.358108108108,0.621794871795
2016-02-06,2820,1302,1518,567,299,268,0.446208112875,0.33779264214,0.567164179104
2016-02-05,3851,1827,2024,748,388,360,0.450534759358,0.329896907216,0.580555555556
2016-02-04,4407,2023,2384,891,416,475,0.469135802469,0.326923076923,0.593684210526
2016-02-03,4790,2288,2502,906,459,447,0.443708609272,0.350762527233,0.539149888143
2016-02-02,4970,2344,2626,961,438,523,0.448491155047,0.305936073059,0.567877629063
2016-02-01,4642,2219,2423,888,437,451,0.459459459459,0.370709382151,0.545454545455
2016-01-31,5446,2570,2876,1007,501,506,0.432969215492,0.295409181637,0.569169960474
2016-01-30,5960,2902,3058,1125,590,535,0.430222222222,0.315254237288,0.557009345794
2016-01-29,7116,3047,4069,1203,618,585,0.393183707398,0.2928802589,0.499145299145
2016-01-28,6555,2956,3599,1137,557,580,0.419525065963,0.319569120287,0.515517241379
2016-01-27,6803,2956,3847,1240,595,645,0.406451612903,0.314285714286,0.491472868217
2016-01-26,7049,2991,4058,1244,574,670,0.420418006431,0.341463414634,0.488059701493
2016-01-25,6464,2737,3727,1103,523,580,0.419764279238,0.313575525813,0.515517241379
2016-01-24,5348,2390,2958,989,457,532,0.389282103134,0.299781181619,0.466165413534
2016-01-23,6102,2581,3521,1046,509,537,0.4034416826,0.288801571709,0.512104283054
2016-01-22,5698,2569,3129,1013,506,507,0.414610069102,0.353754940711,0.475345167653
2016-01-21,7166,2892,4274,1181,560,621,0.40050804403,0.3125,0.479871175523
2016-01-20,7012,2883,4129,1161,583,578,0.403962101637,0.32590051458,0.482698961938
2016-01-19,7150,2808,4342,1156,566,590,0.413494809689,0.362190812721,0.462711864407
2016-01-18,6600,2685,3915,1055,509,546,0.39336492891,0.320235756385,0.461538461538
2016-01-17,9185,2465,6720,1039,473,566,0.423484119346,0.327695560254,0.503533568905
2016-01-16,9380,2484,6896,1125,501,624,0.409777777778,0.331337325349,0.472756410256
2016-01-15,9932,2781,7151,1175,540,635,0.388085106383,0.305555555556,0.458267716535
2016-01-14,10030,2830,7200,1237,561,676,0.4025869038,0.319073083779,0.471893491124
2016-01-13,9667,2871,6796,1208,556,652,0.418874172185,0.343525179856,0.483128834356
2016-01-12,6412,2799,3613,1102,566,536,0.384754990926,0.30035335689,0.473880597015
2016-01-11,6240,2757,3483,1067,537,530,0.403936269916,0.316573556797,0.492452830189
2016-01-10,5930,2433,3497,943,448,495,0.406150583245,0.279017857143,0.521212121212
2016-01-09,5946,2537,3409,1015,468,547,0.399014778325,0.320512820513,0.466179159049
2016-01-08,6757,2715,4042,1165,532,633,0.391416309013,0.313909774436,0.456556082148
2016-01-07,6809,2711,4098,1202,529,673,0.377703826955,0.298676748582,0.439821693908
2016-01-06,6591,2804,3787,1115,539,576,0.406278026906,0.326530612245,0.480902777778
2016-01-05,6496,2783,3713,1087,489,598,0.390064397424,0.321063394683,0.446488294314
2016-01-04,6244,2680,3564,1121,529,592,0.396074933095,0.328922495274,0.456081081081
2016-01-03,5457,2405,3052,909,432,477,0.394939493949,0.328703703704,0.454926624738
2016-01-02,5215,2212,3003,771,385,386,0.41504539559,0.324675324675,0.50518134715
2016-01-01,4968,2173,2795,739,358,381,0.378890392422,0.324022346369,0.430446194226
2015-12-31,4875,2062,2813,734,369,365,0.354223433243,0.322493224932,0.386301369863
2015-12-30,6089,2458,3631,973,450,523,0.368961973279,0.324444444444,0.407265774379
2015-12-29,6317,2507,3810,1010,444,566,0.390099009901,0.315315315315,0.448763250883
2015-12-28,6531,2554,3977,1063,464,599,0.359360301035,0.252155172414,0.442404006678
2015-12-27,6277,2297,3980,962,403,559,0.392931392931,0.322580645161,0.443649373882
2015-12-26,5316,2324,2992,876,403,473,0.375570776256,0.290322580645,0.448202959831
2015-12-25,5932,2342,3590,941,439,502,0.356004250797,0.24145785877,0.456175298805
2015-12-24,6119,2381,3738,1000,432,568,0.384,0.277777777778,0.464788732394
2015-12-23,6893,2731,4162,1071,481,590,0.384687208217,0.303534303534,0.450847457627
2015-12-22,5672,2427,3245,920,414,506,0.348913043478,0.272946859903,0.411067193676
2015-12-21,6475,2523,3952,981,501,480,0.359836901121,0.333333333333,0.3875
2015-12-20,6154,2237,3917,809,392,417,0.360939431397,0.285714285714,0.431654676259
2015-12-19,5395,2163,3232,786,394,392,0.324427480916,0.276649746193,0.372448979592
2015-12-18,5790,2332,3458,857,428,429,0.334889148191,0.289719626168,0.379953379953
2015-12-17,6140,2410,3730,842,416,426,0.314726840855,0.278846153846,0.349765258216
2015-12-16,5920,2547,3373,939,461,478,0.317358892439,0.253796095445,0.378661087866
2015-12-15,5806,2278,3528,916,418,498,0.32096069869,0.267942583732,0.36546184739
2015-12-14,5416,2275,3141,945,419,526,0.35873015873,0.298329355609,0.406844106464
2015-12-13,5234,2117,3117,871,394,477,0.334098737084,0.258883248731,0.396226415094
2015-12-12,5182,2136,3046,907,371,536,0.379272326351,0.283018867925,0.445895522388
2015-12-11,5889,2358,3531,971,411,560,0.358393408857,0.29197080292,0.407142857143
2015-12-10,6579,2380,4199,1051,412,639,0.349191246432,0.291262135922,0.386541471049
2015-12-09,6408,2468,3940,1039,443,596,0.327237728585,0.259593679458,0.377516778523
2015-12-08,5598,2258,3340,939,395,544,0.395101171459,0.303797468354,0.461397058824
2015-12-07,5453,2237,3216,875,399,476,0.354285714286,0.288220551378,0.409663865546
2015-12-06,5198,2068,3130,815,371,444,0.366871165644,0.309973045822,0.414414414414
2015-12-05,3863,2172,1691,740,344,396,0.325675675676,0.28488372093,0.361111111111
2015-12-04,5394,2261,3133,859,372,487,0.331781140861,0.255376344086,0.390143737166
2015-12-03,4511,2541,1970,930,445,485,0.323655913978,0.267415730337,0.375257731959
2015-12-02,5613,2524,3089,1023,479,544,0.323558162268,0.256784968685,0.382352941176
2015-12-01,5639,2486,3153,961,435,526,0.355879292404,0.264367816092,0.431558935361
2015-11-30,5280,2392,2888,890,399,491,0.333707865169,0.245614035088,0.405295315682
2015-11-29,3256,1887,1369,624,334,290,0.294871794872,0.224550898204,0.375862068966
2015-11-28,3824,2163,1661,715,334,381,0.331468531469,0.260479041916,0.393700787402
2015-11-27,5101,2198,2903,817,353,464,0.332925336597,0.249291784703,0.396551724138
2015-11-26,5402,2199,3203,852,396,456,0.31338028169,0.232323232323,0.383771929825
2015-11-25,5678,2503,3175,860,419,441,0.329069767442,0.288782816229,0.367346938776
2015-11-24,4997,2269,2728,813,363,450,0.30012300123,0.267217630854,0.326666666667
2015-11-23,5164,2382,2782,897,424,473,0.31884057971,0.235849056604,0.393234672304
2015-11-22,4050,2294,1756,797,407,390,0.299874529486,0.250614250614,0.351282051282
2015-11-21,4361,2401,1960,912,430,482,0.334429824561,0.26976744186,0.392116182573
2015-11-20,5393,2454,2939,930,437,493,0.304301075269,0.272311212815,0.332657200811
2015-11-19,5479,2520,2959,923,448,475,0.334777898158,0.305803571429,0.362105263158
2015-11-18,6443,2873,3570,1122,510,612,0.337789661319,0.276470588235,0.388888888889
2015-11-17,7278,2784,4494,1260,465,795,0.404761904762,0.279569892473,0.477987421384
2015-11-16,5567,2721,2846,892,432,460,0.304932735426,0.224537037037,0.380434782609
2015-11-15,4133,2480,1653,799,395,404,0.297872340426,0.26582278481,0.329207920792
2015-11-14,4183,2408,1775,778,363,415,0.318766066838,0.269972451791,0.361445783133
2015-11-13,5596,2472,3124,845,388,457,0.32426035503,0.244845360825,0.391684901532
2015-11-12,5238,2498,2740,820,390,430,0.337804878049,0.274358974359,0.395348837209
2015-11-11,5369,2549,2820,842,369,473,0.327790973872,0.241192411924,0.395348837209
2015-11-10,5565,2746,2819,913,423,490,0.335158817087,0.260047281324,0.4
2015-11-09,5862,2830,3032,891,383,508,0.329966329966,0.292428198433,0.358267716535
2015-11-08,4397,2131,2266,804,363,441,0.328358208955,0.278236914601,0.369614512472
2015-11-07,4483,2106,2377,727,322,405,0.284731774415,0.23602484472,0.323456790123
2015-11-06,4679,1910,2769,840,347,493,0.285714285714,0.265129682997,0.300202839757
2015-11-05,5053,2024,3029,828,383,445,0.306763285024,0.263707571802,0.343820224719
2015-11-04,5595,2106,3489,788,367,421,0.299492385787,0.239782016349,0.351543942993
2015-11-03,6605,2213,4392,812,393,419,0.293103448276,0.226463104326,0.355608591885
2015-11-02,3982,2179,1803,680,377,303,0.257352941176,0.222811671088,0.300330033003
2015-11-01,3100,2060,1040,557,328,229,0.290843806104,0.265243902439,0.327510917031
2015-10-31,2977,2010,967,584,366,218,0.28595890411,0.265027322404,0.321100917431
2015-10-30,3168,2052,1116,606,365,241,0.260726072607,0.230136986301,0.307053941909
2015-10-29,3040,1934,1106,593,330,263,0.310286677909,0.281818181818,0.346007604563
2015-10-28,3083,1895,1188,607,311,296,0.326194398682,0.286173633441,0.368243243243
2015-10-27,3240,2042,1198,688,377,311,0.299418604651,0.262599469496,0.344051446945
2015-10-26,3165,1992,1173,617,360,257,0.288492706645,0.269444444444,0.315175097276
2015-10-25,2921,1884,1037,586,343,243,0.30204778157,0.262390670554,0.358024691358
2015-10-24,2814,1840,974,542,317,225,0.309963099631,0.264984227129,0.373333333333
2015-10-23,2982,1851,1131,593,327,266,0.284991568297,0.250764525994,0.327067669173
2015-10-22,2758,1867,891,536,344,192,0.253731343284,0.226744186047,0.302083333333
2015-10-21,2737,1736,1001,514,307,207,0.270428015564,0.263843648208,0.280193236715
2015-10-20,2759,1708,1051,501,279,222,0.263473053892,0.243727598566,0.288288288288
2015-10-19,2659,1711,948,517,295,222,0.278529980658,0.250847457627,0.315315315315
2015-10-18,2460,1713,747,411,265,146,0.238442822384,0.241509433962,0.232876712329
2015-10-17,2402,1611,791,452,269,183,0.201327433628,0.193308550186,0.213114754098
2015-10-16,2423,1610,813,471,292,179,0.225053078556,0.219178082192,0.234636871508
2015-10-15,2313,1669,644,426,279,147,0.267605633803,0.254480286738,0.292517006803
2015-10-14,2208,1788,420,412,316,96,0.257281553398,0.243670886076,0.302083333333
2015-10-13,2495,2057,438,467,376,91,0.284796573876,0.284574468085,0.285714285714
2015-10-12,2244,1703,541,416,287,129,0.283653846154,0.250871080139,0.356589147287
2015-10-11,2652,1705,947,493,297,196,0.271805273834,0.252525252525,0.301020408163
2015-10-10,2976,1847,1129,557,314,243,0.256732495512,0.245222929936,0.271604938272
2015-10-09,3136,1967,1169,579,300,279,0.284974093264,0.256666666667,0.31541218638
2015-10-08,2985,1859,1126,564,320,244,0.278368794326,0.275,0.282786885246
2015-10-07,2917,1849,1068,548,313,235,0.253649635036,0.239616613419,0.272340425532
2015-10-06,2967,1874,1093,562,323,239,0.288256227758,0.294117647059,0.280334728033
2015-10-05,2833,1838,995,521,302,219,0.287907869482,0.307947019868,0.260273972603
2015-10-04,2471,1621,850,465,283,182,0.268817204301,0.247349823322,0.302197802198
2015-10-03,2490,1586,904,466,266,200,0.302575107296,0.304511278195,0.3
2015-10-02,2421,1587,834,452,275,177,0.283185840708,0.269090909091,0.305084745763
2015-10-01,2657,1755,902,450,251,199,0.273333333333,0.270916334661,0.276381909548
2015-09-30,2864,1848,1016,568,350,218,0.31338028169,0.328571428571,0.288990825688
2015-09-29,3319,2078,1241,637,364,273,0.274725274725,0.293956043956,0.249084249084
2015-09-28,2731,1590,1141,513,281,232,0.265107212476,0.20640569395,0.336206896552
2015-09-27,2263,1358,905,397,212,185,0.272040302267,0.27358490566,0.27027027027
2015-09-26,2841,1573,1268,526,242,284,0.250950570342,0.231404958678,0.267605633803
2015-09-25,2706,1459,1247,525,271,254,0.297142857143,0.261992619926,0.334645669291
2015-09-24,3045,1722,1323,545,302,243,0.280733944954,0.284768211921,0.275720164609
2015-09-23,2878,1683,1195,586,292,294,0.284982935154,0.291095890411,0.278911564626
2015-09-22,2940,1754,1186,563,320,243,0.259325044405,0.25625,0.263374485597
2015-09-21,2831,1739,1092,506,275,231,0.282608695652,0.276363636364,0.290043290043
2015-09-20,2617,1658,959,439,254,185,0.27562642369,0.291338582677,0.254054054054
2015-09-19,2551,1548,1003,507,270,237,0.248520710059,0.240740740741,0.257383966245
2015-09-18,2698,1586,1112,486,252,234,0.251028806584,0.222222222222,0.282051282051
2015-09-17,2775,1651,1124,502,261,241,0.241035856574,0.2030651341,0.282157676349
2015-09-16,2640,1631,1009,532,306,226,0.233082706767,0.222222222222,0.247787610619
2015-09-15,2827,1829,998,533,333,200,0.279549718574,0.267267267267,0.3
2015-09-14,2828,1860,968,523,303,220,0.246653919694,0.23102310231,0.268181818182
2015-09-13,2637,1668,969,490,269,221,0.236734693878,0.260223048327,0.20814479638
2015-09-12,2660,1778,882,494,297,197,0.230769230769,0.23569023569,0.223350253807
2015-09-11,2830,1838,992,530,308,222,0.209433962264,0.207792207792,0.211711711712
2015-09-10,3052,1952,1100,578,335,243,0.223183391003,0.2,0.255144032922
2015-09-09,2814,1777,1037,530,322,208,0.260377358491,0.254658385093,0.269230769231
2015-09-08,2724,1645,1079,515,287,228,0.267961165049,0.247386759582,0.293859649123
2015-09-07,2870,1815,1055,531,325,206,0.23352165725,0.209230769231,0.271844660194
2015-09-06,2515,1611,904,459,264,195,0.211328976035,0.200757575758,0.225641025641
2015-09-05,2297,1492,805,400,206,194,0.2275,0.21359223301,0.242268041237
2015-09-04,2294,1498,796,422,226,196,0.215639810427,0.150442477876,0.290816326531
2015-09-03,2220,1509,711,367,208,159,0.239782016349,0.235576923077,0.245283018868
2015-09-02,2746,1826,920,476,284,192,0.226890756303,0.19014084507,0.28125
2015-09-01,2633,1799,834,487,294,193,0.205338809035,0.224489795918,0.176165803109
2015-08-31,2320,1505,815,454,261,193,0.204845814978,0.164750957854,0.259067357513
2015-08-30,2139,1396,743,357,198,159,0.229691876751,0.262626262626,0.188679245283
2015-08-29,2251,1495,756,401,244,157,0.231920199501,0.22131147541,0.248407643312
2015-08-28,2269,1453,816,409,202,207,0.227383863081,0.217821782178,0.236714975845
2015-08-27,2513,1621,892,416,245,171,0.259615384615,0.265306122449,0.251461988304
2015-08-26,2392,1628,764,423,260,163,0.248226950355,0.230769230769,0.276073619632
2015-08-25,2253,1530,723,363,195,168,0.258953168044,0.276923076923,0.238095238095
2015-08-24,2420,1667,753,449,270,179,0.233853006682,0.255555555556,0.201117318436
2015-08-23,2070,1362,708,398,231,167,0.21608040201,0.207792207792,0.22754491018
2015-08-22,2141,1419,722,398,242,156,0.248743718593,0.227272727273,0.282051282051
2015-08-21,2181,1379,802,402,232,170,0.246268656716,0.211206896552,0.294117647059
2015-08-20,2039,1229,810,368,202,166,0.239130434783,0.227722772277,0.253012048193
2015-08-19,2208,1322,886,405,227,178,0.234567901235,0.237885462555,0.230337078652
2015-08-18,2299,1386,913,419,217,202,0.214797136038,0.221198156682,0.207920792079
2015-08-17,2290,1389,901,394,231,163,0.225888324873,0.212121212121,0.245398773006
2015-08-16,1613,1103,510,251,145,106,0.235059760956,0.248275862069,0.216981132075
2015-08-15,1692,1127,565,258,142,116,0.228682170543,0.19014084507,0.275862068966
2015-08-14,1458,931,527,272,149,123,0.25,0.241610738255,0.260162601626
2015-08-13,1587,988,599,282,154,128,0.258865248227,0.227272727273,0.296875
2015-08-12,1319,856,463,225,122,103,0.191111111111,0.188524590164,0.194174757282
2015-08-11,1711,964,747,342,178,164,0.195906432749,0.162921348315,0.231707317073
2015-08-10,2081,1155,926,388,177,211,0.231958762887,0.209039548023,0.251184834123
2015-08-09,1933,1044,889,369,170,199,0.189701897019,0.152941176471,0.221105527638
2015-08-08,2005,1022,983,406,195,211,0.246305418719,0.194871794872,0.293838862559
2015-08-07,2157,1084,1073,464,196,268,0.258620689655,0.255102040816,0.261194029851
2015-08-06,2095,1031,1064,409,165,244,0.256723716381,0.272727272727,0.245901639344
2015-08-05,1961,935,1026,439,193,246,0.209567198178,0.165803108808,0.243902439024
2015-08-04,1917,1000,917,371,172,199,0.231805929919,0.21511627907,0.246231155779
2015-08-03,1573,814,759,354,162,192,0.242937853107,0.228395061728,0.255208333333
2015-08-02,1099,627,472,209,99,110,0.191387559809,0.161616161616,0.218181818182
2015-08-01,1218,641,577,239,95,144,0.205020920502,0.178947368421,0.222222222222
2015-07-31,1280,720,560,237,116,121,0.20253164557,0.172413793103,0.231404958678
2015-07-30,1206,638,568,227,109,118,0.193832599119,0.201834862385,0.186440677966
2015-07-29,1551,782,769,306,137,169,0.179738562092,0.138686131387,0.213017751479
2015-07-28,1680,821,859,322,142,180,0.229813664596,0.225352112676,0.233333333333
2015-07-27,1660,787,873,339,143,196,0.230088495575,0.265734265734,0.204081632653
2015-07-26,1530,748,782,316,149,167,0.231012658228,0.181208053691,0.275449101796
2015-07-25,1554,792,762,281,112,169,0.245551601423,0.232142857143,0.254437869822
2015-07-24,1898,962,936,351,151,200,0.225071225071,0.152317880795,0.28
2015-07-23,1864,900,964,369,156,213,0.205962059621,0.211538461538,0.201877934272
2015-07-22,1725,900,825,336,170,166,0.205357142857,0.170588235294,0.240963855422
2015-07-21,1637,766,871,301,127,174,0.202657807309,0.157480314961,0.235632183908
2015-07-20,1458,763,695,289,112,177,0.18339100346,0.125,0.220338983051
2015-07-19,1393,711,682,318,143,175,0.207547169811,0.195804195804,0.217142857143
2015-07-18,1490,756,734,283,123,160,0.201413427562,0.154471544715,0.2375
2015-07-17,1518,774,744,305,130,175,0.209836065574,0.192307692308,0.222857142857
2015-07-16,1695,791,904,305,110,195,0.219672131148,0.127272727273,0.271794871795
2015-07-15,1774,777,997,348,135,213,0.209770114943,0.2,0.215962441315
2015-07-14,1651,788,863,348,142,206,0.155172413793,0.161971830986,0.150485436893
2015-07-13,1662,790,872,376,157,219,0.226063829787,0.191082802548,0.251141552511
2015-07-12,1421,662,759,303,113,190,0.16501650165,0.159292035398,0.168421052632
2015-07-11,1627,667,960,346,138,208,0.179190751445,0.130434782609,0.211538461538
2015-07-10,1860,753,1107,416,140,276,0.197115384615,0.178571428571,0.20652173913
2015-07-09,2020,843,1177,416,151,265,0.185096153846,0.165562913907,0.196226415094
2015-07-08,1950,819,1131,388,132,256,0.177835051546,0.128787878788,0.203125
2015-07-07,1925,789,1136,392,150,242,0.196428571429,0.146666666667,0.227272727273
2015-07-06,1786,700,1086,371,117,254,0.185983827493,0.128205128205,0.212598425197
2015-07-05,1607,697,910,304,107,197,0.197368421053,0.214953271028,0.187817258883
2015-07-04,1705,729,976,332,116,216,0.150602409639,0.137931034483,0.157407407407
2015-07-03,1729,756,973,345,124,221,0.214492753623,0.161290322581,0.244343891403
2015-07-02,1832,752,1080,364,121,243,0.197802197802,0.239669421488,0.17695473251
2015-07-01,1945,788,1157,364,132,232,0.162087912088,0.106060606061,0.193965517241
2015-06-30,1997,809,1188,393,142,251,0.167938931298,0.12676056338,0.191235059761
2015-06-29,2033,857,1176,432,161,271,0.208333333333,0.136645962733,0.250922509225
2015-06-28,1591,681,910,324,120,204,0.197530864198,0.116666666667,0.245098039216
2015-06-27,1650,681,969,303,104,199,0.260726072607,0.240384615385,0.27135678392
2015-06-26,1924,812,1112,392,152,240,0.19387755102,0.118421052632,0.241666666667
2015-06-25,1763,666,1097,353,118,235,0.277620396601,0.203389830508,0.314893617021
2015-06-24,1739,655,1084,351,101,250,0.239316239316,0.158415841584,0.272
2015-06-23,1062,410,652,232,72,160,0.185344827586,0.111111111111,0.21875
2015-06-22,1491,571,920,311,108,203,0.225080385852,0.138888888889,0.270935960591
2015-06-21,1338,555,783,276,107,169,0.173913043478,0.11214953271,0.213017751479
2015-06-20,1070,434,636,230,80,150,0.252173913043,0.1375,0.313333333333
2015-06-19,1223,501,722,259,93,166,0.250965250965,0.161290322581,0.301204819277
2015-06-18,1446,578,868,287,102,185,0.188153310105,0.166666666667,0.2
2015-06-17,1548,619,929,311,110,201,0.254019292605,0.218181818182,0.273631840796
2015-06-16,1603,552,1051,312,102,210,0.25,0.176470588235,0.285714285714
2015-06-15,1587,580,1007,297,93,204,0.232323232323,0.182795698925,0.254901960784
2015-06-14,1158,495,663,225,95,130,0.253333333333,0.178947368421,0.307692307692
2015-06-13,1174,508,666,203,77,126,0.187192118227,0.12987012987,0.222222222222
2015-06-12,1170,523,647,221,95,126,0.226244343891,0.189473684211,0.253968253968
2015-06-11,1171,507,664,210,75,135,0.214285714286,0.16,0.244444444444
2015-06-10,1027,446,581,205,92,113,0.219512195122,0.20652173913,0.230088495575
2015-06-09,1025,444,581,171,70,101,0.187134502924,0.114285714286,0.237623762376
2015-06-08,1058,498,560,201,99,102,0.203980099502,0.181818181818,0.225490196078
2015-06-07,995,497,498,216,101,115,0.203703703704,0.0990099009901,0.295652173913
2015-06-06,1119,550,569,203,95,108,0.192118226601,0.168421052632,0.212962962963
2015-06-05,1007,445,562,190,84,106,0.231578947368,0.166666666667,0.283018867925
2015-06-04,919,390,529,164,68,96,0.201219512195,0.176470588235,0.21875
2015-06-03,845,351,494,176,74,102,0.170454545455,0.108108108108,0.21568627451
2015-06-02,406,327,79,81,67,14,0.172839506173,0.134328358209,0.357142857143
2015-06-01,309,309,0,56,56,0,0.196428571429,0.196428571429,
2015-05-31,336,336,0,56,56,0,0.196428571429,0.196428571429,
2015-05-30,604,322,282,112,50,62,0.196428571429,0.12,0.258064516129
2015-05-29,859,374,485,158,67,91,0.341772151899,0.253731343284,0.406593406593
2015-05-28,896,377,519,192,87,105,0.239583333333,0.218390804598,0.257142857143
2015-05-27,851,379,472,149,61,88,0.275167785235,0.180327868852,0.340909090909
2015-05-26,910,393,517,172,61,111,0.244186046512,0.131147540984,0.306306306306
2015-05-25,796,354,442,140,57,83,0.3,0.228070175439,0.349397590361
2015-05-24,784,330,454,154,57,97,0.246753246753,0.140350877193,0.309278350515
2015-05-23,800,361,439,139,54,85,0.244604316547,0.240740740741,0.247058823529
2015-05-22,885,379,506,153,61,92,0.183006535948,0.0819672131148,0.25
2015-05-21,951,418,533,156,68,88,0.192307692308,0.132352941176,0.238636363636
2015-05-20,873,401,472,172,74,98,0.220930232558,0.243243243243,0.204081632653
2015-05-19,815,388,427,139,58,81,0.309352517986,0.189655172414,0.395061728395
2015-05-18,786,405,381,132,55,77,0.234848484848,0.127272727273,0.311688311688
2015-05-17,723,361,362,119,53,66,0.252100840336,0.169811320755,0.318181818182
2015-05-16,625,315,310,99,46,53,0.232323232323,0.195652173913,0.264150943396
2015-05-15,718,367,351,118,54,64,0.186440677966,0.185185185185,0.1875
2015-05-14,807,384,423,147,65,82,0.265306122449,0.215384615385,0.30487804878
2015-05-13,809,372,437,150,63,87,0.286666666667,0.238095238095,0.32183908046
2015-05-12,792,373,419,138,52,86,0.224637681159,0.153846153846,0.267441860465
2015-05-11,746,339,407,115,42,73,0.313043478261,0.166666666667,0.397260273973
2015-05-10,679,346,333,111,54,57,0.27027027027,0.259259259259,0.280701754386
2015-05-09,698,338,360,107,54,53,0.205607476636,0.148148148148,0.264150943396
2015-05-08,777,404,373,124,61,63,0.233870967742,0.114754098361,0.349206349206
2015-05-07,650,383,267,116,65,51,0.224137931034,0.2,0.254901960784
2015-05-06,575,363,212,94,57,37,0.202127659574,0.157894736842,0.27027027027
2015-05-05,522,333,189,103,56,47,0.291262135922,0.25,0.340425531915
2015-05-04,339,312,27,58,53,5,0.224137931034,0.22641509434,0.2
2015-05-03,269,269,0,36,36,0,0.194444444444,0.194444444444,
2015-05-02,279,279,0,49,49,0,0.204081632653,0.204081632653,
2015-05-01,265,265,0,26,26,0,0.307692307692,0.307692307692,
2015-04-30,328,328,0,46,46,0,0.239130434783,0.239130434783,
2015-04-29,338,338,0,64,64,0,0.21875,0.21875,
2015-04-28,363,363,0,47,47,0,0.191489361702,0.191489361702,
2015-04-27,375,375,0,59,59,0,0.28813559322,0.28813559322,
2015-04-26,369,369,0,61,61,0,0.180327868852,0.180327868852,
2015-04-25,388,388,0,63,63,0,0.190476190476,0.190476190476,
2015-04-24,324,324,0,50,50,0,0.22,0.22,
2015-04-23,421,421,0,71,71,0,0.0845070422535,0.0845070422535,
2015-04-22,365,365,0,63,63,0,0.0952380952381,0.0952380952381,
2015-04-21,384,384,0,76,76,0,0.118421052632,0.118421052632,
2015-04-20,385,385,0,62,62,0,0.112903225806,0.112903225806,
2015-04-19,392,392,0,65,65,0,0.261538461538,0.261538461538,
2015-04-18,299,299,0,47,47,0,0.106382978723,0.106382978723,
2015-04-17,323,323,0,40,40,0,0.25,0.25,
2015-04-16,322,322,0,46,46,0,0.108695652174,0.108695652174,
2015-04-15,343,343,0,56,56,0,0.142857142857,0.142857142857,
2015-04-14,220,220,0,37,37,0,0.108108108108,0.108108108108,
2015-04-13,307,307,0,42,42,0,0.238095238095,0.238095238095,
2015-04-12,321,321,0,40,40,0,0.15,0.15,
2015-04-11,323,323,0,51,51,0,0.156862745098,0.156862745098,
2015-04-10,386,386,0,60,60,0,0.166666666667,0.166666666667,
2015-04-09,260,260,0,36,36,0,0.194444444444,0.194444444444,
2015-04-08,225,225,0,39,39,0,0.230769230769,0.230769230769,
2015-04-07,319,319,0,56,56,0,0.160714285714,0.160714285714,
2015-04-06,297,297,0,57,57,0,0.263157894737,0.263157894737,
2015-04-05,284,284,0,46,46,0,0.239130434783,0.239130434783,
2015-04-04,266,266,0,36,36,0,0.0833333333333,0.0833333333333,
2015-04-03,193,193,0,30,30,0,0.166666666667,0.166666666667,
2015-03-31,111,111,0,15,15,0,0.2,0.2,
2015-03-30,253,253,0,36,36,0,0.166666666667,0.166666666667,
2015-03-29,221,221,0,25,25,0,0.24,0.24,
2015-03-28,227,227,0,37,37,0,0.189189189189,0.189189189189,
2015-03-27,257,257,0,31,31,0,0.322580645161,0.322580645161,
2015-03-26,265,265,0,36,36,0,0.222222222222,0.222222222222,
2015-03-25,302,302,0,31,31,0,0.193548387097,0.193548387097,
2015-03-24,289,289,0,50,50,0,0.1,0.1,
2015-03-23,242,242,0,42,42,0,0.166666666667,0.166666666667,
2015-03-22,230,230,0,29,29,0,0.0344827586207,0.0344827586207,
2015-03-21,222,222,0,32,32,0,0.21875,0.21875,
2015-03-20,220,220,0,31,31,0,0.258064516129,0.258064516129,
2015-03-19,205,205,0,30,30,0,0.133333333333,0.133333333333,
2015-03-18,117,117,0,20,20,0,0.1,0.1,
2015-03-17,103,103,0,14,14,0,0.214285714286,0.214285714286,
2015-03-16,29,29,0,4,4,0,0.5,0.5,
2015-03-13,4,4,0,0,0,0,,,
2015-03-12,4,4,0,0,0,0,,,
2015-02-07,1,0,1,0,0,0,,,
2015-01-28,1,0,1,0,0,0,,,
2015-01-17,4,0,4,0,0,0,,,
2015-01-15,4,0,4,0,0,0,,,
2015-01-14,1,0,1,0,0,0,,,
